lastAccountName: Filipův_Brácheu
timestamps:
  login: 1587121163253
  lastteleport: 1587121145297
  logout: 1587121584829
ipAddress: 25.130.9.170
lastlocation:
  world: survival
  x: -207.1101499795922
  y: 69.0
  z: -123.56949457299432
  yaw: -122.10016
  pitch: 13.049997
logoutlocation:
  world: lobby
  x: 125.70728382438952
  y: 7.0
  z: 49.14672492922777
  yaw: 244.948
  pitch: 8.700018
