lastAccountName: adam_skrr
timestamps:
  login: 1592329759251
  logout: 1592330780516
  lastteleport: 1592330766721
  mute: 0
ipAddress: 25.130.9.170
logoutlocation:
  world: survival
  x: -361.51249998807907
  y: 65.0
  z: -238.30000001192093
  yaw: 118.79085
  pitch: 0.90019375
lastlocation:
  world: survival
  x: 271.69999998807907
  y: 71.0
  z: 985.964541175939
  yaw: -79.06016
  pitch: 12.000637
nickname: Filipuv_bratr
homes:
  home:
    world: survival
    x: -360.32159616053184
    y: 65.0
    z: -237.61821241333396
    yaw: 292.6407
    pitch: 24.45019
muted: false
