lastAccountName: adam_skrr
timestamps:
  login: 1591464192482
  logout: 1591469138972
  lastteleport: 1591469080967
  mute: 0
ipAddress: 25.130.9.170
logoutlocation:
  world: survival
  x: -369.1829133343502
  y: 64.0
  z: -210.34326676603322
  yaw: -187.50908
  pitch: 20.850113
lastlocation:
  world: survival
  x: -513.79236004977
  y: 70.0
  z: -205.07199475261143
  yaw: 47.695496
  pitch: 18.000168
nickname: Filipuv_bratr
homes:
  home:
    world: survival
    x: -360.32159616053184
    y: 65.0
    z: -237.61821241333396
    yaw: 292.6407
    pitch: 24.45019
muted: false
