lastAccountName: adam_skrr
timestamps:
  login: 1591447428099
  logout: 1591125288213
  lastteleport: 1591447879787
  mute: 0
ipAddress: 25.130.9.170
logoutlocation:
  world: survival
  x: -337.6099770443096
  y: 62.875
  z: -197.1266960796936
  yaw: 181.04248
  pitch: 24.749994
lastlocation:
  world: survival
  x: -712.6636852161784
  y: 6.0
  z: -243.4477905609454
  yaw: 102.59564
  pitch: -7.50014
nickname: Filipuv_bratr
homes:
  home:
    world: survival
    x: -360.32159616053184
    y: 65.0
    z: -237.61821241333396
    yaw: 292.6407
    pitch: 24.45019
muted: false
