lastAccountName: adam_skrr
timestamps:
  login: 1590693717353
  logout: 1590595387628
  lastteleport: 1590676694991
  mute: 0
ipAddress: 25.130.9.170
logoutlocation:
  world: survival
  x: 71.5066691247686
  y: 62.07326471152709
  z: -2457.276737649793
  yaw: 224.5471
  pitch: 29.400005
lastlocation:
  world: survival
  x: -341.2069997153617
  y: 64.0
  z: -226.32443996290212
  yaw: 45.43567
  pitch: 24.600237
nickname: Filipuv_bratr
homes:
  home:
    world: survival
    x: -360.32159616053184
    y: 65.0
    z: -237.61821241333396
    yaw: 292.6407
    pitch: 24.45019
muted: false
