lastAccountName: adam_skrr
timestamps:
  login: 1590516771653
  logout: 1590516283101
  lastteleport: 1590515802276
  mute: 0
ipAddress: 25.130.9.170
logoutlocation:
  world: survival
  x: -382.7039326301118
  y: 64.0
  z: -222.4532268262956
  yaw: 39.442444
  pitch: 13.500079
lastlocation:
  world: survival
  x: 267.42221875093793
  y: 71.125
  z: 984.0500000119209
  yaw: 178.04065
  pitch: 1.7999718
nickname: Filipuv_bratr
homes:
  home:
    world: survival
    x: -360.32159616053184
    y: 65.0
    z: -237.61821241333396
    yaw: 292.6407
    pitch: 24.45019
muted: false
