lastAccountName: Ayatola
timestamps:
  login: 1587196486124
  logout: 1587196578354
ipAddress: 0:0:0:0:0:0:0:1
logoutlocation:
  world: lobby
  x: 166.9339277876297
  y: 4.0
  z: 63.330148026820034
  yaw: 283.8006
  pitch: -22.49997
