lastAccountName: mackcz
timestamps:
  login: 1590782871105
  logout: 1590783707554
  lastteleport: 1590232341252
  mute: 0
ipAddress: 127.0.0.1
logoutlocation:
  world: survival
  x: -718.2369225410803
  y: 6.0
  z: -245.28240533817845
  yaw: -53.39209
  pitch: -9.749483
lastlocation:
  world: survival
  x: -707.3624121461638
  y: 6.0
  z: -234.80542218880979
  yaw: 135.0
  pitch: 90.0
afk: false
nickname: Filip
socialspy: false
homes:
  home:
    world: survival
    x: -737.1058496534388
    y: 71.0
    z: -244.09507678268554
    yaw: 196.91498
    pitch: 31.199535
muted: false
