lastAccountName: mackcz
timestamps:
  login: 1594213928133
  logout: 1594214279666
  lastteleport: 1590232341252
  mute: 0
ipAddress: 127.0.0.1
logoutlocation:
  world: survival
  x: 272.03439206910775
  y: 77.0
  z: 989.3000000119209
  yaw: 255.60745
  pitch: 12.600005
lastlocation:
  world: survival
  x: -707.3624121461638
  y: 6.0
  z: -234.80542218880979
  yaw: 135.0
  pitch: 90.0
afk: false
nickname: Filip
socialspy: false
homes:
  home:
    world: survival
    x: -737.1058496534388
    y: 71.0
    z: -244.09507678268554
    yaw: 196.91498
    pitch: 31.199535
muted: false
