lastAccountName: mackcz
timestamps:
  login: 1598712595618
  logout: 1598713929649
  lastteleport: 1598713680043
  mute: 0
ipAddress: 127.0.0.1
logoutlocation:
  world: survival
  x: -689.5124999880791
  y: 194.0
  z: -329.4013859368581
  yaw: 4.890381
  pitch: 36.449314
lastlocation:
  world: survival_nether
  x: -134.36274415259498
  y: 38.0
  z: -83.4905260496499
  yaw: -265.636
  pitch: 8.249731
afk: false
nickname: Filip
socialspy: false
homes:
  home:
    world: survival
    x: -737.1058496534388
    y: 71.0
    z: -244.09507678268554
    yaw: 196.91498
    pitch: 31.199535
muted: false
