lastAccountName: MeNdiNg_CZ
timestamps:
  login: 1589816679883
  logout: 1589817413441
ipAddress: 0:0:0:0:0:0:0:1
logoutlocation:
  world: lobby
  x: 160.04495475589994
  y: 4.0
  z: 98.54791972209173
  yaw: -160.67773
  pitch: 16.049412
