lastAccountName: Slaboch2004
timestamps:
  login: 1587720137002
  logout: 1587720424105
ipAddress: 0:0:0:0:0:0:0:1
logoutlocation:
  world: survival
  x: -205.69999998807907
  y: 70.0
  z: -116.79443231601788
  yaw: -272.5504
  pitch: 26.100014
