lastAccountName: SrFructu
timestamps:
  login: 1588001715488
  logout: 1588001738330
ipAddress: 0:0:0:0:0:0:0:1
logoutlocation:
  world: lobby
  x: 186.29823342394295
  y: 4.0
  z: 61.04189056252686
  yaw: -60.449814
  pitch: 29.849953
