lastAccountName: Tyweriusz98
timestamps:
  login: 1590090131256
  logout: 1590091485643
ipAddress: 0:0:0:0:0:0:0:1
logoutlocation:
  world: survival
  x: -385.1273602337656
  y: 79.0
  z: -232.6747539996931
  yaw: 135.75452
  pitch: 16.800114
