lastAccountName: Vestina
timestamps:
  login: 1589816489661
  logout: 1589817404343
ipAddress: 0:0:0:0:0:0:0:1
logoutlocation:
  world: lobby
  x: 160.1190971853481
  y: 4.0
  z: 98.65912998404552
  yaw: -153.42773
  pitch: 11.54955
