lastAccountName: CreepyAmateur
timestamps:
  login: 1590948190826
  logout: 1590949422841
  lastteleport: 1590949300334
ipAddress: 25.93.248.102
logoutlocation:
  world: survival
  x: 271.32940217398266
  y: 79.0
  z: 986.7129725109598
  yaw: 218.94435
  pitch: 20.249952
lastlocation:
  world: survival_nether
  x: -18.587379938349258
  y: 169.39881394493304
  z: 14.611027344787015
  yaw: 290.1933
  pitch: 21.149836
nickname: Vlados
afk: false
homes:
  home:
    world: survival
    x: 272.07804302031707
    y: 79.0
    z: 987.1700480311684
    yaw: -77.90579
    pitch: 8.099993
