lastAccountName: Sket0
timestamps:
  login: 1590090194526
  logout: 1590091477185
ipAddress: 0:0:0:0:0:0:0:1
logoutlocation:
  world: lobby
  x: 180.20645461820666
  y: 5.0
  z: 46.85608739447743
  yaw: 3.6000001
  pitch: 1.2000002
