lastAccountName: Blokensie
timestamps:
  login: 1587539282093
  logout: 1587539722109
ipAddress: 0:0:0:0:0:0:0:1
logoutlocation:
  world: survival
  x: -25.578732224205837
  y: 63.0
  z: -46.34784408671506
  yaw: -280.05084
  pitch: 20.525185
