lastAccountName: Haxpress
timestamps:
  login: 1588704337477
  logout: 1588705194427
ipAddress: 0:0:0:0:0:0:0:1
logoutlocation:
  world: survival
  x: 262.56023078273245
  y: 77.0
  z: 970.1610662498172
  yaw: 337.58798
  pitch: 14.361686
