lastAccountName: MydadfailNNN
timestamps:
  login: 1590502833301
  logout: 1590508187664
ipAddress: 25.129.162.161
logoutlocation:
  world: smrkovec
  x: -454.6401820476869
  y: 80.0
  z: -2732.834805689192
  yaw: -243.49567
  pitch: 5.6919355
nickname: Alwin
lastlocation:
  world: survival
  x: -360.2546260227379
  y: 73.0
  z: -247.90376013776236
  yaw: -154.64496
  pitch: 14.876619
afk: false
