lastAccountName: MydadfailNNN
timestamps:
  login: 1591011352203
  logout: 1591012402638
  lastteleport: 1590522609468
ipAddress: 25.129.162.161
logoutlocation:
  world: smrkovec
  x: -461.5808715181384
  y: 80.5
  z: -2741.580791699301
  yaw: 76.38726
  pitch: 17.222673
nickname: Alwin
lastlocation:
  world: smrkovec
  x: -469.69999998807907
  y: 84.0
  z: -2808.668276517057
  yaw: -266.03003
  pitch: -38.452114
afk: false
homes:
  mydadfailnnn:
    world: smrkovec
    x: -622.0541307996733
    y: 69.0
    z: -2361.8372121072944
    yaw: -143.48138
    pitch: 25.850937
  ciki5000:
    world: smrkovec
    x: -620.6653284352886
    y: 69.0
    z: -2365.7868698908233
    yaw: -242.3844
    pitch: 17.23616
