lastAccountName: MydadfailNNN
timestamps:
  login: 1590522407559
  logout: 1590522710078
  lastteleport: 1590522609468
ipAddress: 25.129.162.161
logoutlocation:
  world: smrkovec
  x: -613.2886799586831
  y: 69.0
  z: -2438.9210659342425
  yaw: 255.94272
  pitch: 5.4119706
nickname: Alwin
lastlocation:
  world: lobby
  x: 168.66154033767972
  y: 4.0
  z: 75.60741461020261
  yaw: -71.76029
  pitch: 12.8100815
afk: false
homes:
  mydadfailnnn:
    world: smrkovec
    x: -622.0541307996733
    y: 69.0
    z: -2361.8372121072944
    yaw: -143.48138
    pitch: 25.850937
  ciki5000:
    world: smrkovec
    x: -620.6653284352886
    y: 69.0
    z: -2365.7868698908233
    yaw: -242.3844
    pitch: 17.23616
