lastAccountName: MydadfailNNN
timestamps:
  login: 1600103327870
  logout: 1600104031707
  lastteleport: 1590522609468
ipAddress: 0:0:0:0:0:0:0:1
logoutlocation:
  world: smrkovec
  x: -518.7737261815985
  y: 69.0
  z: -2459.536415888536
  yaw: 95.79669
  pitch: 10.661917
nickname: Alwin
lastlocation:
  world: smrkovec_nether
  x: -409.93006515139973
  y: 50.36028210573255
  z: 2072.3267049845185
  yaw: -51.615047
  pitch: 13.390598
afk: false
homes:
  mydadfailnnn:
    world: smrkovec
    x: -622.0541307996733
    y: 69.0
    z: -2361.8372121072944
    yaw: -143.48138
    pitch: 25.850937
  ciki5000:
    world: smrkovec
    x: -620.6653284352886
    y: 69.0
    z: -2365.7868698908233
    yaw: -242.3844
    pitch: 17.23616
