lastAccountName: MydadfailNNN
timestamps:
  login: 1590476143907
  logout: 1590478043865
ipAddress: 25.129.162.161
logoutlocation:
  world: creative
  x: -96.01695439646743
  y: 65.03272111904619
  z: -174.88100207796853
  yaw: 261.20752
  pitch: 15.851749
nickname: Alwin
lastlocation:
  world: smrkovec
  x: 197.292869780954
  y: 72.0
  z: 73.7513458557348
  yaw: 19.22927
  pitch: 19.383228
afk: false
