lastAccountName: ahmettrPro
timestamps:
  login: 1587033712722
  logout: 1587033825514
ipAddress: 0:0:0:0:0:0:0:1
logoutlocation:
  world: survival
  x: -201.79273119562103
  y: 70.0
  z: -125.95420801533048
  yaw: 21.221954
  pitch: 14.455516
