lastAccountName: vladja
timestamps:
  login: 1590522602221
  logout: 1590523907720
ipAddress: 0:0:0:0:0:0:0:1
lastlocation:
  world: lobby
  x: 164.09308253217787
  y: 5.1216000461578295
  z: 84.27403776754947
  yaw: -183.75323
  pitch: 8.849759
logoutlocation:
  world: smrkovec
  x: -568.6999999880791
  y: 121.56132068188242
  z: -2413.633559326624
  yaw: -256.49084
  pitch: -2.70006
