lastAccountName: Yourdentist174
timestamps:
  login: 1588845408294
  logout: 1588847081013
  lastteleport: 1587051013562
ipAddress: 25.133.198.106
lastlocation:
  world: survival
  x: -905.0579639056363
  y: 69.0
  z: 207.8548126833918
  yaw: -85.456604
  pitch: 20.25083
nickname: Olda
logoutlocation:
  world: survival
  x: 51.28685963377727
  y: 61.248555215391455
  z: -218.23393364229153
  yaw: 88.05014
  pitch: 17.849922
