lastAccountName: Ciki5000
timestamps:
  login: 1590674770930
  logout: 1590675031140
ipAddress: 0:0:0:0:0:0:0:1
logoutlocation:
  world: smrkovec
  x: -569.0301501451607
  y: 69.0
  z: -2457.463415951345
  yaw: 1.7627696
  pitch: -14.100042
lastlocation:
  world: smrkovec
  x: -575.3946374831218
  y: 10.0
  z: -2483.9969701568707
  yaw: -180.29665
  pitch: 56.24965
