lastAccountName: Ciki5000
timestamps:
  login: 1590446468892
  logout: 1590446989116
ipAddress: 0:0:0:0:0:0:0:1
logoutlocation:
  world: smrkovec
  x: -580.6999999880791
  y: 13.0
  z: -2541.904207309472
  yaw: -234.45155
  pitch: 23.399973
lastlocation:
  world: smrkovec
  x: -575.3946374831218
  y: 10.0
  z: -2483.9969701568707
  yaw: -180.29665
  pitch: 56.24965
