lastAccountName: Ciki5000
timestamps:
  login: 1590593006983
  logout: 1590593206077
ipAddress: 0:0:0:0:0:0:0:1
logoutlocation:
  world: smrkovec
  x: -521.6110131250068
  y: 69.0
  z: -2461.3664329516255
  yaw: -254.59247
  pitch: 16.500105
lastlocation:
  world: smrkovec
  x: -575.3946374831218
  y: 10.0
  z: -2483.9969701568707
  yaw: -180.29665
  pitch: 56.24965
