lastAccountName: Ciki5000
timestamps:
  login: 1590510544223
  logout: 1590516635269
ipAddress: 0:0:0:0:0:0:0:1
logoutlocation:
  world: smrkovec
  x: -524.9170827686348
  y: 69.0
  z: -2464.1363685571114
  yaw: -130.41675
  pitch: 37.199867
lastlocation:
  world: smrkovec
  x: -575.3946374831218
  y: 10.0
  z: -2483.9969701568707
  yaw: -180.29665
  pitch: 56.24965
