lastAccountName: Ciki5000
timestamps:
  login: 1600104455725
  logout: 1600104472600
ipAddress: 0:0:0:0:0:0:0:1
logoutlocation:
  world: smrkovec
  x: -605.3240690333305
  y: 69.0
  z: -2442.6152231143496
  yaw: 179.04651
  pitch: 25.244986
lastlocation:
  world: lobby
  x: 158.04528815324085
  y: 5.166109260938214
  z: 101.88583726272722
  yaw: -139.20493
  pitch: 22.7998
