lastAccountName: Yoopierre
timestamps:
  login: 1591011480149
  logout: 1591012420062
  lastteleport: 1588960684018
ipAddress: 25.98.164.7
lastlocation:
  world: smrkovec
  x: 192.5295163347092
  y: 61.231523797587016
  z: 91.43570279121666
  yaw: -50.999928
  pitch: 87.74998
logoutlocation:
  world: smrkovec
  x: -778.8858850554766
  y: 73.40282058073554
  z: -2918.7252293670003
  yaw: -269.77966
  pitch: 8.550446
nickname: Pietro
homes:
  home:
    world: survival
    x: -973.0822094792939
    y: 64.0
    z: -291.76249998807907
    yaw: -164.01672
    pitch: 61.949913
