lastAccountName: kbelak
timestamps:
  login: 1587121329769
  logout: 1587122166079
ipAddress: 0:0:0:0:0:0:0:1
logoutlocation:
  world: survival
  x: -464.27080168733033
  y: 140.0
  z: -190.5769150354311
  yaw: 111.86841
  pitch: 90.0
lastlocation:
  world: lobby
  x: 162.19031413883994
  y: 5.249187078744681
  z: 68.48527141693607
  yaw: 320.8474
  pitch: 16.949968
