lastAccountName: Ddiamond_
timestamps:
  login: 1589816606690
  logout: 1589817402591
ipAddress: 0:0:0:0:0:0:0:1
logoutlocation:
  world: lobby
  x: 143.12763388708458
  y: 4.0
  z: 105.50614330118638
  yaw: -105.32617
  pitch: -2.4010992
