lastAccountName: zuziana
timestamps:
  login: 1590571490368
  lastteleport: 1589800733309
  logout: 1590573701537
ipAddress: 0:0:0:0:0:0:0:1
lastlocation:
  world: survival
  x: -826.3176663409192
  y: 63.0
  z: -287.0375878574605
  yaw: 286.7249
  pitch: 59.70001
homes:
  home:
    world: survival
    x: -727.41724138182
    y: 82.0
    z: -241.69155098896627
    yaw: 342.07547
    pitch: 23.399967
logoutlocation:
  world: survival
  x: -1010.1124782072428
  y: 63.0
  z: 227.96419761876913
  yaw: 102.656525
  pitch: -36.299915
