lastAccountName: zuziana
timestamps:
  login: 1591118992581
  lastteleport: 1589800733309
  logout: 1591119042825
ipAddress: 0:0:0:0:0:0:0:1
lastlocation:
  world: survival
  x: -826.3176663409192
  y: 63.0
  z: -287.0375878574605
  yaw: 286.7249
  pitch: 59.70001
homes:
  home:
    world: survival
    x: -727.41724138182
    y: 82.0
    z: -241.69155098896627
    yaw: 342.07547
    pitch: 23.399967
logoutlocation:
  world: survival
  x: -1014.5716787879626
  y: 67.0
  z: 230.50616958061335
  yaw: 150.69067
  pitch: 33.299885
