world: lobby
x: 163.98889038216026
y: 5.5
z: 68.18562956403899
yaw: -0.7499938
pitch: 5.1001062
